0.269483685
0.267484367
0.267325401
0.267311096
0.267317444
0.267326504
0.267330587
0.267332345
0.267336518
0.267337412
0.267338663
0.267341554
0.267340422
0.267341197
0.267339706
0.267341405
0.267341882
0.267343104
0.267340511
0.267340660
0.267340809
0.267340362
0.267339617
0.267337739
0.267340243
0.267340899
0.267341793
0.267338991
0.267338991
0.267341763
0.267342776
0.267338663
0.267340511
0.267339885
0.267338365
0.267340779
0.267340243
0.267341167
0.267340988
0.267339915
0.267344087
0.267339885
0.267342597
0.267342567
0.267341524
0.267339379
0.267341405
0.267340451
0.267340541
0.267339200
0.267341763
0.267338723
0.267339975
0.267340511
0.267339408
0.267342031
0.267340690
0.267339259
0.267338514
0.267339051
0.267340809
0.267339259
0.267340720
0.267339855
0.267341286
0.267338485
0.267339617
0.267344445
0.267339617
0.267340183
0.267341644
0.267341882
0.267342716
0.267343283
0.267340183
0.267339230
0.267340243
0.267341703
0.267340064
0.267339736
0.267338991
0.267339051
0.267338097
0.267340481
0.267339766
0.267339766
0.267339975
0.267340034
0.267339110
0.267341286
0.267341495
0.267339557
0.267339706
0.267341763
0.267342687
0.267339587
0.267339975
0.267338872
0.267339408
0.267340183
