0.303039402
0.212574884
0.209712625
0.208375454
0.207304940
0.206165552
0.204784214
0.202973083
0.200414807
0.196443185
0.189463541
0.176427275
0.152078360
0.112996228
0.067918219
0.035216004
0.022357220
0.020053891
0.019803798
0.019797718
0.019810954
0.019818785
0.019818716
0.019821353
0.019821517
0.019818967
0.019820513
0.019815478
0.019816881
0.019817725
0.019815315
0.019813707
0.019814782
0.019816540
0.019812815
0.019812224
0.019816304
0.019812513
0.019811671
0.019811459
0.019812845
0.019812576
0.019813383
0.019811586
0.019810747
0.019810997
0.019812457
0.019812342
0.019813372
0.019810485
0.019810911
0.019814121
0.019810837
0.019812925
0.019812545
0.019810926
0.019809527
0.019811641
0.019811049
0.019812264
0.019812973
0.019809771
0.019809961
0.019808885
0.019811934
0.019813370
0.019811375
0.019809389
0.019810548
0.019811999
0.019809930
0.019811476
0.019810945
0.019808989
0.019813241
0.019809568
0.019810949
0.019810284
0.019807663
0.019813552
0.019810950
0.019808603
0.019811431
0.019810731
0.019813059
0.019809585
0.019810444
0.019809740
0.019812124
0.019811811
0.019809548
0.019811828
0.019810375
0.019811783
0.019811289
0.019810610
0.019815527
0.019807361
0.019811181
0.019810528
