0.288974732
0.209774509
0.206429645
0.204172209
0.202053338
0.199650988
0.196684837
0.192814112
0.187189624
0.178562477
0.164793193
0.143302843
0.111961246
0.077602707
0.053372841
0.041472435
0.034954779
0.029906878
0.026005970
0.023481635
0.021807885
0.020970458
0.020576784
0.020327561
0.020141535
0.019959709
0.019811846
0.019797288
0.019808114
0.019810088
0.019812468
0.019813996
0.019817384
0.019811582
0.019815268
0.019811066
0.019815244
0.019815648
0.019813398
0.019812744
0.019810982
0.019811042
0.019814204
0.019811131
0.019811355
0.019812819
0.019808160
0.019814719
0.019812208
0.019810591
0.019814653
0.019809278
0.019809455
0.019814180
0.019808587
0.019817090
0.019809827
0.019810265
0.019810926
0.019809689
0.019809872
0.019814214
0.019809538
0.019812040
0.019814873
0.019808190
0.019810054
0.019810546
0.019810641
0.019813299
0.019809397
0.019808812
0.019814232
0.019812023
0.019811224
0.019807532
0.019813346
0.019810170
0.019811569
0.019809028
0.019812062
0.019810699
0.019810325
0.019810768
0.019813361
0.019809220
0.019812569
0.019812921
0.019809501
0.019809017
0.019813661
0.019808769
0.019809736
0.019813770
0.019808430
0.019813761
0.019808630
0.019815668
0.019806769
0.019810259
