15,216
15,367
15,556
15,913
15,1047
15,1131
15,1147
15,1189
15,1201
15,1209
15,1254
15,1283
15,1284
15,1361
15,1502
15,1753
15,2020
15,2313
15,2413
15,2528
15,2915
15,2990
15,2993
15,3007
15,3256
15,3265
15,3275
15,3285
15,3316
15,3633
15,3635
15,3638
15,3639
15,3755
15,3968
15,4005
15,4007
15,4019
15,4085
15,4149
15,4247
15,4299
15,4322
15,4351
15,4388
15,4489
15,4719
15,4823
15,4974
15,4992
15,5110
15,5120
15,5171
15,5291
15,5298
15,5299
15,5339
15,5391
15,5620
15,5816
15,5903
15,6059
15,6155
15,6157
15,6188
15,6283
15,6287
15,6586
15,6754
15,6879
15,6947
15,6989
15,7003
15,7004
15,7123
15,7173
15,7325
15,7444
15,7445
15,7451
15,7569
15,7573
15,7698
15,7792
15,8464
15,8581
15,8641
15,8781
15,8807
15,8950
15,8972
15,8974
15,26587
15,27478
15,27821
15,27904
15,30812
15,30825
15,31685
15,34072
15,34150
15,34334
15,34405
15,36529
15,37741
15,40583
15,40815
15,42718
15,44761
15,45447
15,45517
15,45666
15,45720
15,45722
15,45728
15,46723
15,46970
15,46972
15,48043
15,48082
15,48394
15,51662
15,52245
15,52328
15,52973
15,53322
15,54001
15,54272
15,54881
15,55247
15,55269
15,55442
15,55765
15,56174
15,56367
15,56782
15,57368
15,58295
15,59369
15,59784
15,59900
15,60074
15,60126
15,61024
15,61394
15,62374
15,62511
15,63082
15,63859
15,64839
15,64957
15,65642
15,67087
15,67734
15,68793
15,69306
15,69406
15,71535
15,72378
15,74795
15,76293
15,77364
15,77455
15,79057
15,79293
15,79428
15,79695
15,80463
15,80906
15,81158
15,81229
15,81845
15,83613
15,84152
15,84392
15,84954
15,85774
15,86190
15,87304
15,87306
15,88125
15,88140
15,88163
15,89492
15,90439
15,91542
48,296
48,501
48,562
48,741
48,784
48,858
48,924
48,1240
48,1293
48,1407
48,1499
48,1676
48,2232
48,2288
48,2455
48,2722
48,2762
48,2840
48,3677
48,3793
48,4226
48,4902
48,6242
48,6291
48,7235
48,7256
48,7360
48,7382
48,8132
48,8582
48,8645
48,8907
48,8957
48,8965
48,27660
48,27801
48,27838
48,31878
48,32031
48,36276
48,42723
48,44397
48,45950
48,46976
48,47124
48,52281
48,52287
48,52328
48,53121
48,53519
48,54995
48,55768
48,55995
48,56174
48,56757
48,57274
48,59141
48,60763
48,63131
48,67408
48,68358
48,72209
48,72731
48,74228
48,80831
48,81591
48,81845
48,82667
48,83134
48,84152
48,84187
48,84772
48,85774
48,85796
48,87306
48,88140
48,89745
48,90531
48,91542
48,93840
68,8636
68,31658
73,32
73,36
73,112
73,198
73,223
73,233
73,247
73,256
73,266
73,482
73,610
73,719
73,786
73,799
73,802
73,1094
73,1199
73,1201
73,1206
73,1218
73,1242
73,1255
73,1262
73,1342
73,1343
73,1374
73,1408
73,1464
73,1500
73,1590
73,1748
73,1762
73,1785
73,1911
73,1912
73,1916
73,1965
73,2009
73,2021
73,2080
73,2093
73,2123
73,2144
73,2159
73,2248
73,2273
73,2318
73,2360
73,2378
73,2394
73,2395
73,2421
73,2422
73,2459
73,2467
73,2528
73,2529
73,2582
73,2599
73,2606
73,2692
73,2712
73,2728
73,2734
73,2860
73,2871
73,2879
73,2915
73,2916
73,2924
73,2947
73,2948
73,2952
73,2968
73,3013
73,3104
73,3300
73,3328
73,3363
73,3479
73,3535
73,3717
73,3728
73,3735
73,3843
73,3970
73,3972
73,3986
73,4007
73,4148
73,4275
73,4351
73,4369
73,4441
73,4444
73,4467
73,4488
73,4614
73,4618
73,4624
73,4713
73,4846
73,4855
73,4979
73,5139
73,5159
73,5294
73,5349
73,5617
73,5618
73,5621
73,5882
73,6025
73,6155
73,6156
73,6281
73,6333
73,6378
73,6383
73,6440
73,6564
73,6582
73,6707
73,6708
73,6874
73,6887
73,7001
73,7007
73,7063
73,7099
73,7419
73,7502
73,8340
73,8507
73,8526
73,8636
73,8638
73,8784
73,8874
73,8950
73,26258
73,26403
73,26547
73,26606
73,26842
73,27022
73,27032
73,27109
73,27317
73,27773
73,27801
73,27808
73,30707
73,30810
73,31150
73,33794
73,34150
73,40278
73,40732
73,41285
73,41566
73,45183
73,46322
73,46335
73,46970
73,46972
73,46976
73,48516
73,48696
73,48774
73,49272
73,49278
73,52722
73,53519
73,55995
73,58559
73,58627
73,61248
73,62434
73,64983
73,67252
73,67734
73,68952
73,71135
73,71745
73,74458
73,78469
73,79132
73,82459
73,82667
73,83613
73,85401
73,85788
73,86142
73,86644
73,87192
73,88129
73,88140
73,90531
73,93363
73,93831
73,93840
73,94018
73,94677
73,94833
78,16
78,34
78,47
78,193
78,540
78,1094
78,1293
78,1320
78,1371
78,1374
78,1407
78,1552
78,1580
78,1625
78,1676
78,1680
78,1690
78,1722
78,1732
78,1997
78,2011
78,2107
78,2174
78,2231
78,2393
78,2700
78,2947
78,2987
78,3052
78,3077
78,3082
78,3256
78,3556
78,3617
78,3753
78,3908
78,3967
78,3977
78,3979
78,4007
78,4015
78,4018
78,4308
78,4367
78,4369
78,4370
78,4388
78,4641
78,4718
78,4744
78,5010
78,5219
78,5463
78,5502
78,5669
78,5784
78,5872
78,6552
78,6564
78,6793
78,7254
78,7323
78,7458
78,7566
78,8533
78,8644
78,8874
78,8947
78,8972
78,26712
78,34048
78,43679
78,46335
78,46723
78,49272
78,50658
78,50740
78,50742
78,52767
78,52952
78,54001
78,54272
78,68358
78,69757
78,81834
78,88125
78,88129
157,208
157,316
157,344
157,367
157,480
157,541
157,1261
157,1682
157,1732
157,2025
157,2054
157,2167
157,2288
157,2382
157,2383
157,2455
157,2502
157,2683
157,2710
157,2810
157,3113
157,3977
157,4367
157,5146
157,5254
157,5349
157,5418
157,5679
157,6218
157,6365
157,6539
157,6934
157,7022
157,7454
157,8157
157,8361
157,8370
157,8644
157,8665
157,8874
157,8984
157,8985
157,27317
157,31878
157,33794
157,34150
157,45722
157,46723
157,48516
157,53464
157,53519
157,53996
157,54286
157,55721
157,55765
157,56174
157,57504
157,57669
157,58295
157,59369
157,62394
157,66097
157,67255
157,71106
157,72171
157,74458
157,79553
157,81834
157,83349
157,85342
157,85510
157,86190
157,86345
157,86377
157,88125
157,88140
157,88163
157,88744
157,89745
157,89774
157,89904
157,90469
157,93840
163,1
163,19
163,110
163,150
163,153
163,260
163,296
163,344
163,367
163,457
163,480
163,586
163,588
163,589
163,592
163,593
163,648
163,780
163,1196
163,1210
163,1370
163,1721
163,1994
163,2028
163,2571
163,2997
163,3578
163,3717
163,3793
163,4718
163,4963
163,4993
163,5349
163,8636
163,33493
163,55247
163,64034
163,72378
163,91077
199,6
199,25
199,50
199,319
199,527
199,541
199,608
199,1246
199,1252
199,1356
199,1617
199,2336
199,2664
199,3448
199,4720
199,5502
199,6996
199,27773
199,45447
199,45722
199,53972
199,62849
199,68358
199,69844
199,70286
199,76251
199,81932
199,85414
199,85774
199,88140
199,88163
199,89492
199,89745
199,91500
199,91630
199,91653
199,91658
257,110
257,741
257,1218
257,1252
257,1274
257,1653
257,2502
257,2759
257,2810
257,3224
257,3751
257,3996
257,4878
257,4993
257,5146
257,5300
257,5690
257,6350
257,6713
257,6857
257,7099
257,8157
257,8253
257,26776
257,26840
257,27731
257,30803
257,44761
257,49272
257,52885
257,57504
257,64614
257,64993
257,65261
257,70286
257,70533
257,82459
257,84187
275,1
275,16
275,39
275,50
275,101
275,110
275,231
275,293
275,333
275,344
275,356
275,364
275,367
275,377
275,457
275,480
275,500
275,589
275,608
275,648
275,745
275,858
275,1060
275,1198
275,1240
275,1252
275,1265
275,1307
275,1580
275,1673
275,1682
275,1704
275,1721
275,1954
275,1968
275,2355
275,2502
275,2542
275,2571
275,2581
275,2599
275,2762
275,2797
275,2858
275,2959
275,3114
275,3275
275,3424
275,3450
275,3481
275,3556
275,3578
275,3793
275,3809
275,3897
275,3911
275,4022
275,4226
275,4896
275,4963
275,4979
275,5620
275,5816
275,5989
275,6016
275,6378
275,6539
275,6711
275,6796
275,6953
275,7147
275,8368
275,8638
275,8784
275,8949
275,8958
275,8961
275,32587
275,33660
275,33794
275,34437
275,38038
275,38886
275,40815
275,40819
275,41997
275,46578
275,47610
275,48082
275,48516
275,48774
275,49272
275,49530
275,50872
275,54001
275,54881
275,55269
275,56367
275,56782
275,58559
275,58998
275,59315
275,63082
275,64614
275,64620
275,64839
275,67255
275,68358
275,68954
275,69481
275,69757
275,69844
275,71535
275,71579
275,72011
275,72226
275,72641
275,73023
275,73266
275,77455
275,77561
275,78499
275,79091
275,79132
275,80463
275,80489
275,80906
275,81834
275,81845
275,81847
275,82459
275,86345
275,87232
275,88125
275,88163
275,88810
275,89745
275,89804
275,91500
275,93840
380,3494
380,46335
380,52245
380,54736
380,58156
380,63113
380,64839
380,69278
380,80166
380,80463
380,80831
380,82459
380,83134
380,84374
380,84392
380,86293
380,86644
380,86911
380,87306
380,88163
380,88405
380,88785
380,88812
380,89039
380,89470
380,89492
380,89745
380,89804
380,90405
380,90439
380,90866
380,91077
380,91500
380,91542
380,91658
380,91842
380,93510
380,93840
380,94478
458,1
458,10
458,34
458,47
458,110
458,165
458,208
458,231
458,288
458,296
458,318
458,356
458,364
458,377
458,454
458,480
458,527
458,539
458,541
458,587
458,590
458,593
458,597
458,648
458,733
458,736
458,858
458,1036
458,1089
458,1097
458,1198
458,1200
458,1206
458,1214
458,1221
458,1240
458,1265
458,1270
458,1291
458,1527
458,1721
458,1923
458,1961
458,2028
458,2628
458,2683
458,2706
458,2716
458,2959
458,3147
458,3578
458,3793
458,3996
458,4306
458,4993
458,5952
458,6539
458,7438
480,150
480,158
480,180
480,223
480,344
480,356
480,455
480,474
480,485
480,500
480,595
480,750
480,778
480,858
480,1027
480,1028
480,1059
480,1060
480,1080
480,1097
480,1206
480,1207
480,1240
480,1408
480,1499
480,1608
480,1639
480,1644
480,1680
480,1717
480,1729
480,1732
480,1784
480,1954
480,2001
480,2011
480,2058
480,2081
480,2082
480,2118
480,2161
480,2232
480,2294
480,2420
480,2529
480,2671
480,2706
480,2797
480,2968
480,2985
480,3168
480,3253
480,3256
480,3438
480,3698
480,3717
480,3751
480,3755
480,3967
480,4246
480,4270
480,4621
480,4638
480,4878
480,4901
480,4963
480,5010
480,5481
480,5903
480,5989
480,6365
480,6373
480,7004
480,7143
480,7162
480,7362
480,7438
480,7445
480,7458
480,7502
480,8360
480,8361
480,8369
480,8528
480,8783
480,8949
480,27611
480,31685
480,33166
480,33679
480,37731
480,41566
480,45722
480,46970
480,46972
480,47610
480,52952
480,53972
480,55247
480,56251
480,56782
480,59315
480,63072
480,63113
480,63131
480,64969
480,67255
480,67997
480,68954
480,69306
480,70286
480,71106
480,71264
480,73017
480,74228
480,74458
480,78088
480,78349
480,79132
480,79702
480,80463
480,81562
480,81834
480,81845
480,85414
480,88125
480,88744
480,89745
480,91542
480,93363
480,94018
480,94777
529,17
529,28
529,36
529,162
529,232
529,300
529,306
529,307
529,308
529,363
529,475
529,508
529,588
529,838
529,910
529,968
529,1066
529,1148
529,1150
529,1189
529,1238
529,1243
529,1256
529,1273
529,1280
529,1361
529,1393
529,1449
529,1625
529,1635
529,1936
529,1955
529,1964
529,2176
529,2208
529,2580
529,2640
529,2973
529,3089
529,3317
529,3543
529,3730
529,3911
529,3967
529,3983
529,4034
529,4190
529,4194
529,4211
529,5339
529,5341
529,5385
529,6247
529,6296
529,6301
529,6377
529,6385
529,6724
529,6942
529,6993
529,7078
529,7147
529,7158
529,7698
529,8016
529,8638
529,8645
529,8970
529,33166
529,40583
529,40819
529,44195
529,46976
529,53123
529,55814
529,56367
529,59018
529,60382
529,63876
529,78499
529,81845
529,86882
529,88810
529,89804
529,90866
547,11
547,125
547,1088
547,1172
547,1693
547,1734
547,1757
547,1940
547,2125
547,2795
547,2863
547,4515
547,4844
547,5729
547,5810
547,6987
547,7154
547,7396
547,8137
547,8507
547,8528
547,8641
547,25769
547,26313
547,27329
547,32898
547,53024
547,55247
547,57669
547,59369
547,60069
547,60766
547,66509
547,68838
547,71108
547,71156
547,72169
547,72641
547,74916
547,78499
547,78517
547,79702
547,84392
547,85414
547,86320
547,86911
547,88129
547,90439
547,90469
547,90531
547,91500
547,91658
547,93510
599,551
599,1028
599,2011
599,2291
599,2572
599,2671
599,2788
599,2795
599,4069
599,4447
599,4816
599,4878
599,5283
599,5349
599,5377
599,5620
599,5667
599,5942
599,5943
599,6331
599,7375
599,7380
599,7444
599,8376
599,8533
599,8969
599,27706
599,30793
599,31433
599,31685
599,33669
599,37384
599,44004
599,44225
599,45720
599,46062
599,49286
599,50954
599,51834
599,52975
599,53125
599,54259
599,54503
599,55451
599,56941
599,56949
599,61123
599,62155
599,62912
599,66203
599,67734
599,67788
599,68319
599,68659
599,69406
599,69606
599,69757
599,70183
599,74450
599,74789
599,76251
599,77364
599,78041
599,78209
599,80549
599,87430
599,88140
599,88163
599,88672
599,88810
599,89745
599,91500
599,93510
624,4262
624,6760
624,6936
624,7373
624,8949
624,30707
624,46578
624,57640
624,58351
624,67255
624,69481
624,74510
624,83613
624,84374
624,85022
624,85510
624,85881
624,86142
624,86293
624,86298
624,86332
624,86833
624,86882
624,87222
624,87232
624,87298
624,87306
624,87485
624,87869
624,88140
624,88163
624,88356
624,88405
624,88672
624,88744
624,88785
624,88812
624,89492
624,89745
624,89904
624,90249
624,90439
624,90717
624,90746
624,90866
624,91077
624,91094
624,91542
624,91630
624,91653
624,91658
624,91842
624,92507
624,93363
624,94018
624,94478
624,94677
624,94833
637,32
637,50
637,318
637,750
637,858
637,1203
637,1221
637,3421
648,63808
648,71156